10 20.29
30 30.52
50 48.83
70 67.78
90 84.78
110 110.57
130 121.31
150 153.01
170 167.54
190 194.07
210 214.82
230 237.96
250 257.72
270 308.25
290 323.12
10 14.44
30 31.54
50 51.17
70 70.73
90 90.23
110 114.57
130 134.17
150 150.74
170 165.20
190 187.79
210 211.30
230 233.47
250 261.86
270 302.82
290 316.98
10 12.42
30 31.52
50 51.94
70 68.84
90 85.93
110 107.20
130 130.16
150 161.27
170 174.00
190 201.15
210 218.29
230 238.80
250 270.43
270 308.97
290 316.05
10 13.64
30 35.33
50 51.49
70 69.01
90 95.72
110 103.38
130 128.93
150 161.67
170 168.76
190 192.22
210 215.40
230 238.90
250 267.02
270 291.54
290 321.18
10 18.06
30 32.20
50 50.72
70 70.32
90 92.80
110 105.61
130 123.92
150 148.97
170 171.91
190 188.79
210 216.14
230 242.88
250 266.82
270 294.51
290 317.90
