1 3.35
1 3.37
2 3.41
2 3.52
2 7.71
2 4.34
2 3.85
2 3.45
2 3.75
2 3.50
2 3.48
2 3.44
2 3.59
2 3.67
2 3.60
3 3.59
3 3.54
3 4.55
3 3.63
3 3.63
3 3.62
3 4.32
3 3.51
3 3.50
3 4.77
3 4.35
3 4.32
3 3.52
3 3.58
3 4.71
3 4.66
3 5.48
3 4.15
3 6.97
4 5.60
4 4.80
4 4.13
4 5.14
4 4.88
4 4.78
4 5.02
4 3.69
4 3.58
4 4.79
4 4.86
4 3.77
4 3.98
4 6.12
4 3.71
4 3.64
4 4.03
4 5.37
4 5.40
4 6.13
5 3.71
5 6.46
5 3.72
5 3.76
5 3.55
5 3.80
5 3.90
5 3.94
5 3.65
5 3.62
5 9.29
5 8.92
5 3.86
5 3.82
5 3.67
5 4.93
5 3.81
5 4.94
6 5.20
6 3.66
6 5.99
6 6.32
6 3.95
6 5.41
6 3.74
6 4.86
6 5.10
6 5.02
6 3.80
6 4.20
6 5.04
6 3.42
6 3.91
6 5.56
6 4.78
6 3.77
6 3.73
6 5.14
6 8.71
6 4.85
6 3.89
6 3.84
6 4.81
6 3.69
6 4.05
6 3.90
7 4.87
7 3.93
7 4.44
7 3.81
7 3.78
7 3.78
7 4.46
7 5.17
7 3.69
7 3.69
7 8.02
7 6.33
7 3.82
7 4.00
7 3.95
7 5.33
7 5.21
7 4.83
7 3.80
7 3.69
7 3.93
7 5.29
7 3.85
7 4.18
7 3.68
7 6.00
8 4.02
8 4.10
8 3.85
8 3.70
8 4.38
8 3.67
8 6.15
8 4.27
8 5.41
8 5.27
8 3.86
8 3.98
8 3.77
8 5.85
8 4.22
8 3.53
8 3.82
8 3.62
9 3.71
9 3.54
9 3.84
9 5.07
9 4.15
9 3.63
9 3.61
9 4.78
9 4.23
9 4.16
9 5.78
9 3.70
9 4.36
9 5.04
9 3.87
10 3.85
10 5.07
10 5.42
10 3.92
10 5.29
10 4.95
10 3.90
11 5.45
11 4.11
11 4.90
11 3.77
11 5.40
12 4.67
12 3.89
13 6.37
14 4.30
