300 265.886
320 288.268
340 295.852
360 324.982
380 344.735
400 375.148
420 399.556
440 405.866
460 407.89
300 264.923
320 286.54
340 309.63
360 320.247
380 336.741
400 351.479
420 369.043
440 400.727
460 407.599
300 273.743
320 292.051
340 301.387
360 329.062
380 357.352
400 361.633
420 371.15
440 436.636
460 470.11
300 285.412
320 292.238
340 305.53
360 324.525
380 345.15
400 365.497
420 370.289
440 405.309
460 419.375
300 274.426
320 294.02
340 309.209
360 322.335
380 376.293
400 363.93
420 387.516
440 399.6
460 437.679
