10 14.224
30 27.791
50 45.452
70 63.356
90 80.022
110 104.459
130 113.22
150 141.634
170 152.371
190 174.469
210 189.98
230 204.442
250 220.916
270 250.641
290 264.235
10 11.593
30 28.81
50 47.391
70 65.103
90 83.155
110 105.071
130 123.287
150 139.424
170 149.109
190 167.072
210 185.965
230 202.44
250 225.568
270 257.337
290 263.758
10 11.005
30 28.89
50 48.402
70 64.704
90 80.773
110 100.745
130 121.37
150 149.199
170 158.677
190 179.851
210 192.252
230 207.31
250 233.758
270 263.467
290 262.332
10 11.805
30 32.602
50 47.718
70 64.972
90 90.481
110 96.568
130 117.751
150 149.473
170 152.971
190 172.485
210 190.063
230 208.133
250 230.227
270 245.945
290 267.301
10 16.713
30 29.443
50 47.353
70 65.689
90 87.881
110 99.453
130 115.895
150 137.918
170 156.779
190 169.51
210 191.586
230 212.388
250 229.587
270 247.591
290 266.588
