5 3336
10 6670
15 10002
20 13336
25 16670
30 20002
35 23336
40 26670
45 30002
50 33336
55 36670
60 40002
65 43336
70 46670
75 50002
80 53336
85 56670
90 60002
95 63336
100 66670
105 70002
110 73336
115 76670
120 80002
125 83336
130 86670
135 90002
140 93336
145 96670
150 100002
155 103336
160 106670
165 110002
170 113336
175 116670
180 120002
185 123336
190 126670
195 130002
200 133336
205 136670
210 140002
215 143336
220 146670
225 150002
230 153336
235 156670
240 160002
245 163336
250 166670
255 170002
260 173336
265 176670
270 180002
275 183336
280 186670
285 190002
290 193336
295 196670
300 200002
305 203336
310 206670
315 210002
320 213336
325 216670
