5 6349
10 12856
15 18728
20 24298
25 29693
30 35125
35 40616
40 46135
45 51708
50 57331
55 63081
60 68833
65 74666
70 80570
75 86479
80 92435
85 98482
90 104550
95 110607
100 116761
105 122957
110 129229
115 135490
120 141757
125 148146
130 154467
135 160866
140 167228
145 173644
150 180070
155 186510
160 193039
165 199587
170 206159
175 212726
180 219329
185 225946
190 232631
195 239264
200 245905
205 252582
210 259233
215 265907
220 272607
225 279275
230 286013
235 292724
240 299454
245 306193
250 312942
255 319650
260 326354
265 333189
270 339911
275 346579
280 353366
285 360112
290 366877
295 373613
300 380397
305 387123
310 393896
315 400611
320 407369
325 414126
