5 5345
10 10340
15 15257
20 20140
25 24821
30 29619
35 34335
40 39092
45 43824
50 48574
55 53502
60 58394
65 63229
70 67986
75 72777
80 77457
85 82042
90 87156
95 92130
100 96943
105 101890
110 106691
115 111374
120 116029
125 120841
130 125473
135 130267
140 135075
145 139878
150 144691
155 149764
160 154489
165 158980
170 163578
175 168247
180 172893
185 177462
190 182198
195 186981
200 192013
205 196878
210 201643
215 206450
220 211271
225 215971
230 220486
235 225190
240 230226
245 235157
250 239739
255 244574
260 249487
265 254252
270 259320
275 264359
280 269106
285 273745
290 278520
295 283239
300 287897
305 292762
310 297733
315 302505
320 307119
325 311568
