5 0.049
10 0.079
15 0.101
20 0.12
25 0.155
30 0.162
35 0.166
40 0.188
45 0.209
50 0.218
55 0.238
60 0.247
65 0.254
70 0.282
75 0.289
80 0.305
85 0.326
90 0.336
95 0.345
100 0.379
105 0.398
110 0.399
115 0.399
120 0.413
125 0.425
130 0.423
135 0.429
140 0.433
145 0.452
150 0.463
155 0.465
160 0.475
165 0.476
170 0.495
175 0.497
180 0.496
185 0.503
190 0.524
195 0.535
200 0.536
205 0.544
210 0.556
215 0.566
220 0.581
225 0.588
230 0.611
235 0.594
240 0.618
245 0.647
250 0.627
255 0.62
260 0.63
265 0.644
270 0.657
275 0.666
280 0.66
285 0.686
290 0.676
295 0.697
300 0.723
305 0.72
310 0.741
315 0.73
320 0.727
325 0.736
330 0.745
335 0.764
340 0.761
345 0.79
350 0.792
355 0.795
360 0.82
365 0.872
370 0.833
375 0.871
380 0.842
385 0.872
390 0.845
395 0.898
400 0.903
405 0.904
410 1.014
415 0.903
420 0.947
425 0.978
430 1.066
435 1.063
440 1.003
445 1.004
450 1.079
455 1.055
460 1.096
465 1.075
470 1.05
5 0.05
10 0.081
15 0.122
20 0.12
25 0.136
30 0.152
35 0.173
40 0.185
45 0.217
50 0.216
55 0.236
60 0.245
65 0.266
70 0.281
75 0.287
80 0.295
85 0.312
90 0.33
95 0.352
100 0.368
105 0.378
110 0.396
115 0.403
120 0.41
125 0.415
130 0.427
135 0.432
140 0.438
145 0.452
150 0.463
155 0.454
160 0.472
165 0.475
170 0.483
175 0.494
180 0.501
185 0.506
190 0.516
195 0.531
200 0.539
205 0.556
210 0.554
215 0.562
220 0.572
225 0.647
230 0.579
235 0.589
240 0.609
245 0.618
250 0.624
255 0.618
260 0.643
265 0.654
270 0.664
275 0.685
280 0.671
285 0.68
290 0.695
295 0.687
300 0.703
305 0.711
310 0.765
315 0.739
320 0.779
325 0.738
330 0.749
335 0.77
340 0.768
345 0.762
350 0.828
355 0.791
360 0.826
365 0.806
370 0.814
375 0.881
380 0.841
385 0.84
390 0.856
395 0.89
400 0.88
405 0.91
410 0.948
415 0.949
420 0.925
425 0.93
430 1.01
435 0.948
440 0.95
445 1.046
450 1.011
455 0.977
460 1.01
465 1.011
470 1.025
5 0.05
10 0.093
15 0.119
20 0.124
25 0.139
30 0.153
35 0.171
40 0.187
45 0.2
50 0.233
55 0.227
60 0.251
65 0.255
70 0.286
75 0.289
80 0.324
85 0.331
90 0.362
95 0.365
100 0.366
105 0.439
110 0.409
115 0.4
120 0.408
125 0.416
130 0.425
135 0.439
140 0.448
145 0.447
150 0.454
155 0.461
160 0.476
165 0.475
170 0.492
175 0.495
180 0.502
185 0.51
190 0.522
195 0.525
200 0.537
205 0.553
210 0.561
215 0.574
220 0.574
225 0.583
230 0.584
235 0.608
240 0.621
245 0.613
250 0.633
255 0.63
260 0.648
265 0.652
270 0.657
275 0.655
280 0.675
285 0.671
290 0.674
295 0.693
300 0.706
305 0.724
310 0.714
315 0.728
320 0.739
325 0.747
330 0.759
335 0.755
340 0.757
345 0.787
350 0.843
355 0.806
360 0.788
365 0.801
370 0.893
375 0.822
380 0.842
385 0.882
390 0.865
395 0.873
400 0.926
405 0.897
410 0.913
415 0.91
420 0.932
425 0.933
430 0.957
435 1.015
440 0.987
445 1.09
450 1.014
455 1.025
460 1.125
465 1.021
470 1.132
5 0.048
10 0.088
15 0.116
20 0.136
25 0.139
30 0.16
35 0.166
40 0.187
45 0.206
50 0.219
55 0.229
60 0.252
65 0.263
70 0.274
75 0.281
80 0.31
85 0.318
90 0.337
95 0.386
100 0.367
105 0.394
110 0.387
115 0.4
120 0.406
125 0.424
130 0.427
135 0.426
140 0.446
145 0.448
150 0.451
155 0.456
160 0.469
165 0.478
170 0.487
175 0.5
180 0.508
185 0.51
190 0.526
195 0.532
200 0.541
205 0.551
210 0.598
215 0.573
220 0.574
225 0.578
230 0.587
235 0.594
240 0.612
245 0.614
250 0.626
255 0.656
260 0.621
265 0.658
270 0.666
275 0.66
280 0.666
285 0.732
290 0.75
295 0.697
300 0.71
305 0.719
310 0.723
315 0.727
320 0.728
325 0.749
330 0.744
335 0.763
340 0.753
345 0.804
350 0.788
355 0.795
360 0.815
365 0.83
370 0.818
375 0.822
380 0.857
385 0.851
390 0.878
395 0.896
400 0.907
405 0.93
410 0.939
415 0.936
420 0.961
425 0.95
430 0.95
435 0.967
440 0.986
445 1.039
450 1.037
455 1.18
460 1.03
465 1.038
470 1.025
5 0.051
10 0.081
15 0.109
20 0.117
25 0.148
30 0.162
35 0.174
40 0.187
45 0.204
50 0.212
55 0.236
60 0.248
65 0.271
70 0.272
75 0.297
80 0.315
85 0.318
90 0.328
95 0.354
100 0.357
105 0.398
110 0.438
115 0.413
120 0.417
125 0.411
130 0.425
135 0.431
140 0.436
145 0.433
150 0.448
155 0.456
160 0.473
165 0.659
170 0.483
175 0.495
180 0.507
185 0.507
190 0.519
195 0.53
200 0.545
205 0.554
210 0.548
215 0.559
220 0.584
225 0.582
230 0.597
235 0.595
240 0.615
245 0.623
250 0.62
255 0.621
260 0.689
265 0.645
270 0.683
275 0.664
280 0.675
285 0.682
290 0.691
295 0.681
300 0.751
305 0.718
310 0.729
315 0.724
320 0.733
325 0.737
330 0.767
335 0.747
340 0.778
345 0.767
350 0.766
355 0.77
360 0.806
365 0.805
370 0.81
375 0.811
380 0.869
385 0.875
390 0.883
395 0.879
400 0.908
405 0.921
410 0.928
415 0.994
420 0.941
425 0.969
430 0.97
435 1.059
440 0.981
445 0.972
450 0.979
455 1.027
460 1.01
465 1.103
470 1.129
