5 0.095
10 0.148
15 0.207
20 0.231
25 0.283
30 0.318
35 0.323
40 0.521
45 0.43
50 0.497
55 0.522
60 0.58
65 0.637
70 0.682
75 0.707
80 0.749
85 0.829
90 0.854
95 0.88
100 0.963
105 1.009
110 1.048
115 1.052
120 1.106
125 1.152
130 1.182
135 1.218
140 1.238
145 1.287
150 1.348
155 1.37
160 1.423
165 1.457
170 1.491
175 1.544
180 1.577
185 1.614
190 1.657
195 1.701
200 1.8
205 1.841
210 1.832
215 1.937
220 1.946
225 2.027
230 2.053
235 2.188
240 2.169
245 2.326
250 2.269
255 2.286
260 2.35
265 2.403
270 2.486
275 2.505
280 2.56
285 2.595
290 2.814
295 2.907
300 2.765
305 2.721
310 2.845
315 2.868
320 3.009
325 2.998
330 3.064
335 3.07
340 3.597
345 3.202
350 3.333
355 3.256
360 3.504
365 3.385
370 3.481
375 3.497
380 3.586
385 3.579
390 4.0
395 3.845
400 3.887
405 4.143
410 3.993
415 4.025
420 4.059
425 4.153
430 4.522
435 4.317
440 4.262
445 4.445
450 4.576
455 4.533
460 4.552
465 5.1
470 4.78
5 0.099
10 0.141
15 0.192
20 0.238
25 0.357
30 0.303
35 0.359
40 0.41
45 0.419
50 0.488
55 0.534
60 0.653
65 0.625
70 0.675
75 0.725
80 0.769
85 0.799
90 0.862
95 0.868
100 0.959
105 1.007
110 1.053
115 1.043
120 1.112
125 1.155
130 1.172
135 1.232
140 1.254
145 1.318
150 1.344
155 1.379
160 1.425
165 1.457
170 1.495
175 1.526
180 1.573
185 1.616
190 1.652
195 1.698
200 1.771
205 1.832
210 1.852
215 2.005
220 1.991
225 2.004
230 2.041
235 2.114
240 2.181
245 2.228
250 2.264
255 2.323
260 2.46
265 2.484
270 2.416
275 2.555
280 2.458
285 2.606
290 2.588
295 2.712
300 2.928
305 2.883
310 2.866
315 2.858
320 3.136
325 3.099
330 3.213
335 3.149
340 3.207
345 3.231
350 3.395
355 3.248
360 3.285
365 3.453
370 3.942
375 3.512
380 3.635
385 3.643
390 3.637
395 3.87
400 4.17
405 4.324
410 4.333
415 4.02
420 4.062
425 4.149
430 4.335
435 4.748
440 4.846
445 4.533
450 4.485
455 4.991
460 5.197
465 4.983
470 5.228
5 0.09
10 0.143
15 0.193
20 0.228
25 0.277
30 0.324
35 0.337
40 0.389
45 0.418
50 0.479
55 0.539
60 0.576
65 0.632
70 0.671
75 0.715
80 0.755
85 0.812
90 0.848
95 0.894
100 0.953
105 0.988
110 1.038
115 1.062
120 1.114
125 1.14
130 1.183
135 1.237
140 1.254
145 1.286
150 1.335
155 1.396
160 1.392
165 1.515
170 1.506
175 1.535
180 1.56
185 1.625
190 1.719
195 1.736
200 1.792
205 1.904
210 1.925
215 1.918
220 1.993
225 2.09
230 2.055
235 2.146
240 2.182
245 2.228
250 2.285
255 2.336
260 2.344
265 2.437
270 2.515
275 2.532
280 2.628
285 2.602
290 2.611
295 2.711
300 2.776
305 2.785
310 2.898
315 2.899
320 3.076
325 2.952
330 3.135
335 3.139
340 3.281
345 3.293
350 3.629
355 3.347
360 3.29
365 3.746
370 3.624
375 3.522
380 3.553
385 3.788
390 3.714
395 3.793
400 3.945
405 4.424
410 4.271
415 4.062
420 4.06
425 4.529
430 4.259
435 4.402
440 4.685
445 4.686
450 4.824
455 5.064
460 5.392
465 4.76
470 5.007
5 0.097
10 0.141
15 0.199
20 0.226
25 0.265
30 0.321
35 0.345
40 0.401
45 0.424
50 0.521
55 0.537
60 0.598
65 0.623
70 0.692
75 0.731
80 0.763
85 0.824
90 0.907
95 0.906
100 0.939
105 0.975
110 1.037
115 1.074
120 1.132
125 1.145
130 1.177
135 1.223
140 1.271
145 1.279
150 1.328
155 1.353
160 1.41
165 1.467
170 1.504
175 1.477
180 1.569
185 1.619
190 1.647
195 1.683
200 1.778
205 1.861
210 1.911
215 1.908
220 1.977
225 2.047
230 2.056
235 2.12
240 2.17
245 2.213
250 2.24
255 2.275
260 2.319
265 2.522
270 2.511
275 2.529
280 2.638
285 2.558
290 2.603
295 2.507
300 2.849
305 2.788
310 3.009
315 3.249
320 3.088
325 2.952
330 3.056
335 3.532
340 3.243
345 3.246
350 3.411
355 3.799
360 3.42
365 3.422
370 3.489
375 3.638
380 3.737
385 3.613
390 3.897
395 4.045
400 4.07
405 4.306
410 4.105
415 4.369
420 4.197
425 4.358
430 4.594
435 4.174
440 4.245
445 4.522
450 5.03
455 4.795
460 4.962
465 4.769
470 5.093
5 0.093
10 0.151
15 0.187
20 0.239
25 0.33
30 0.317
35 0.351
40 0.395
45 0.435
50 0.578
55 0.532
60 0.581
65 0.624
70 0.709
75 0.732
80 0.776
85 0.841
90 0.855
95 0.882
100 1.036
105 1.003
110 1.034
115 1.116
120 1.098
125 1.121
130 1.183
135 1.214
140 1.27
145 1.321
150 1.37
155 1.355
160 1.58
165 1.453
170 1.668
175 1.55
180 1.56
185 1.631
190 1.76
195 1.687
200 1.771
205 1.85
210 1.878
215 1.991
220 2.003
225 2.092
230 2.07
235 2.183
240 2.281
245 2.206
250 2.216
255 2.257
260 2.346
265 2.595
270 2.503
275 2.433
280 2.545
285 2.678
290 2.727
295 2.712
300 2.9
305 2.819
310 2.919
315 3.155
320 2.974
325 3.086
330 3.197
335 3.251
340 3.351
345 3.616
350 3.603
355 3.46
360 3.311
365 3.539
370 3.921
375 3.544
380 3.62
385 3.708
390 3.756
395 4.005
400 4.109
405 4.346
410 4.078
415 4.201
420 4.207
425 4.249
430 4.356
435 4.691
440 4.438
445 4.67
450 4.445
455 4.648
460 4.967
465 4.812
470 4.823
