5 2
10 2
15 3
20 3
25 3
30 3
35 3
40 4
45 4
50 4
55 4
60 5
65 5
70 5
75 5
80 6
85 6
90 8
95 7
100 8
105 9
110 10
115 10
120 10
125 11
130 16
135 14
140 16
145 15
150 16
155 19
160 22
165 20
170 21
175 25
180 24
185 29
190 29
195 32
200 32
205 43
210 34
215 35
220 41
225 44
230 47
235 47
240 45
245 48
250 55
255 61
260 60
265 56
270 59
275 69
280 69
285 67
290 76
295 74
300 97
305 83
310 81
315 91
320 100
325 91
330 92
335 95
340 99
345 102
350 105
355 142
360 112
365 124
370 149
375 121
380 124
385 166
390 132
395 142
400 186
405 142
410 148
415 209
420 158
425 169
430 214
