5 4
10 8
15 13
20 18
25 22
30 27
35 32
40 37
45 42
50 46
55 52
60 56
65 61
70 66
75 71
80 76
85 81
90 86
95 91
100 96
105 101
110 106
115 111
120 116
125 122
130 127
135 132
140 137
145 142
150 147
155 152
160 157
165 162
170 167
175 172
180 177
185 182
190 188
195 193
200 198
205 204
210 209
215 215
220 220
225 225
230 230
235 236
240 241
245 246
250 252
255 257
260 263
265 269
270 273
275 280
280 284
285 290
290 295
295 301
300 308
305 312
310 318
315 323
320 329
325 333
330 339
335 345
340 350
345 357
350 359
355 368
360 372
365 375
370 380
375 384
380 392
385 400
390 407
395 411
400 417
405 420
410 428
415 433
420 438
425 446
430 453
435 458
440 464
445 465
450 474
455 476
460 486
465 488
470 493
5 4
10 8
15 13
20 18
25 22
30 27
35 32
40 37
45 42
50 46
55 52
60 56
65 61
70 66
75 71
80 76
85 81
90 86
95 91
100 96
105 101
110 106
115 111
120 116
125 122
130 127
135 132
140 137
145 142
150 147
155 152
160 157
165 162
170 167
175 172
180 177
185 182
190 188
195 193
200 198
205 204
210 209
215 215
220 220
225 225
230 230
235 236
240 241
245 246
250 252
255 257
260 263
265 269
270 273
275 280
280 285
285 290
290 296
295 302
300 307
305 313
310 316
315 323
320 328
325 334
330 339
335 345
340 350
345 357
350 359
355 367
360 372
365 378
370 380
375 389
380 395
385 401
390 404
395 411
400 418
405 424
410 432
415 436
420 441
425 446
430 453
435 458
440 464
445 470
450 470
455 480
460 485
465 489
470 493
5 4
10 8
15 13
20 18
25 22
30 27
35 32
40 37
45 42
50 46
55 52
60 56
65 61
70 66
75 71
80 76
85 81
90 86
95 91
100 96
105 101
110 106
115 111
120 116
125 122
130 127
135 132
140 137
145 142
150 147
155 152
160 157
165 162
170 167
175 172
180 177
185 182
190 188
195 193
200 198
205 204
210 209
215 215
220 220
225 225
230 230
235 236
240 241
245 247
250 252
255 257
260 263
265 269
270 273
275 279
280 285
285 290
290 296
295 302
300 307
305 312
310 318
315 322
320 329
325 333
330 340
335 345
340 350
345 357
350 359
355 366
360 373
365 376
370 382
375 390
380 395
385 400
390 408
395 407
400 418
405 421
410 432
415 436
420 441
425 448
430 453
435 458
440 459
445 470
450 471
455 476
460 479
465 492
470 493
5 4
10 8
15 13
20 18
25 22
30 27
35 32
40 37
45 42
50 46
55 52
60 56
65 61
70 66
75 71
80 76
85 81
90 86
95 91
100 96
105 101
110 106
115 111
120 116
125 122
130 127
135 132
140 137
145 142
150 147
155 152
160 157
165 162
170 167
175 172
180 177
185 183
190 188
195 193
200 198
205 204
210 209
215 215
220 220
225 225
230 230
235 236
240 241
245 247
250 252
255 257
260 263
265 269
270 273
275 280
280 285
285 290
290 295
295 303
300 307
305 312
310 317
315 322
320 329
325 333
330 340
335 345
340 348
345 357
350 362
355 366
360 372
365 375
370 381
375 385
380 395
385 397
390 405
395 408
400 418
405 425
410 432
415 436
420 442
425 443
430 453
435 452
440 459
445 470
450 470
455 480
460 486
465 492
470 492
5 4
10 8
15 13
20 18
25 22
30 27
35 32
40 37
45 42
50 46
55 52
60 56
65 61
70 66
75 71
80 76
85 81
90 86
95 91
100 96
105 101
110 106
115 111
120 116
125 122
130 127
135 132
140 137
145 142
150 147
155 152
160 157
165 162
170 167
175 172
180 177
185 182
190 188
195 193
200 198
205 204
210 209
215 215
220 220
225 225
230 230
235 236
240 241
245 246
250 252
255 257
260 263
265 269
270 273
275 280
280 285
285 290
290 295
295 302
300 307
305 311
310 318
315 323
320 327
325 333
330 340
335 345
340 349
345 357
350 362
355 366
360 370
365 375
370 384
375 390
380 395
385 401
390 405
395 408
400 413
405 421
410 428
415 436
420 441
425 446
430 453
435 454
440 464
445 469
450 475
455 480
460 486
465 492
470 498
