5 1449
10 3042
15 3996
20 4645
25 5125
30 5643
35 6226
40 6830
45 7498
50 8211
55 9053
60 9900
65 10825
70 11824
75 12829
80 13888
85 15028
90 16197
95 17354
100 18608
105 19915
110 21280
115 22642
120 24010
125 25493
130 26916
135 28416
140 29875
145 31386
150 32902
155 34442
160 36080
165 37720
170 39387
175 41054
180 42755
185 44482
190 46264
195 48000
200 49737
205 51525
210 53279
215 55053
220 56845
225 58610
230 60439
235 62241
240 64073
245 65916
250 67771
255 69583
260 71404
265 73330
270 75158
275 76912
280 78803
285 80647
290 82509
295 84347
300 86227
305 88051
310 89907
315 91716
320 93569
325 95414
330 97258
335 99127
340 100941
345 102746
350 104601
355 106393
360 108190
365 110020
370 111823
375 113606
380 115413
385 117168
390 118945
395 120724
400 122481
405 124192
410 125930
415 127623
420 129361
425 131076
430 132760
