5 1669
10 3336
15 5002
20 6669
25 8336
30 10002
35 11669
40 13336
45 15002
50 16669
55 18336
60 20002
65 21669
70 23336
75 25002
80 26669
85 28336
90 30002
95 31669
100 33336
105 35002
110 36669
115 38336
120 40002
125 41669
130 43336
135 45002
140 46669
145 48336
150 50002
155 51669
160 53336
165 55002
170 56669
175 58336
180 60002
185 61669
190 63336
195 65002
200 66669
205 68336
210 70002
215 71669
220 73336
225 75002
230 76669
235 78336
240 80002
245 81669
250 83336
255 85002
260 86669
265 88336
270 90002
275 91669
280 93336
285 95002
290 96669
295 98336
300 100002
305 101669
310 103336
315 105002
320 106669
325 108336
330 110002
335 111669
340 113336
345 115002
350 116669
355 118336
360 120002
365 121669
370 123336
375 125002
380 126669
385 128336
390 130002
395 131669
400 133336
405 135002
410 136669
415 138336
420 140002
425 141669
430 143336
