5 1487
10 2936
15 4371
20 5774
25 7177
30 8571
35 9970
40 11371
45 12777
50 14176
55 15631
60 17087
65 18523
70 19948
75 21373
80 22751
85 24118
90 25640
95 27110
100 28550
105 30006
110 31435
115 32814
120 34169
125 35594
130 36988
135 38458
140 39879
145 41291
150 42685
155 44175
160 45564
165 46907
170 48275
175 49652
180 51041
185 52401
190 53789
195 55209
200 56625
205 57979
210 59405
215 60809
220 62195
225 63568
230 64916
235 66305
240 67797
245 69247
250 70566
255 71954
260 73415
265 74853
270 76271
275 77719
280 79121
285 80511
290 81871
295 83246
300 84602
305 86031
310 87468
315 88814
320 90166
325 91478
330 92860
335 94248
340 95581
345 96963
350 98321
355 99671
360 101017
365 102388
370 103777
375 105131
380 106485
385 107901
390 109252
395 110618
400 111980
405 113284
410 114666
415 116080
420 117456
425 118815
430 120197
