5 .53
10 1.03
15 1.54
20 2.04
25 2.54
30 3.05
35 3.55
40 4.06
45 4.56
50 5.06
55 5.57
60 6.07
65 6.58
70 7.08
75 7.60
80 8.10
85 8.60
90 9.11
95 9.61
100 10.12
105 10.62
110 11.12
115 11.63
120 12.13
125 12.64
130 13.14
135 13.64
140 14.15
145 14.66
150 15.17
155 15.67
160 16.18
165 16.68
170 17.18
175 17.69
180 18.19
185 18.70
190 19.20
195 19.70
200 20.21
205 20.71
210 21.22
215 21.73
220 22.24
225 22.74
230 23.24
235 23.75
240 24.25
245 24.76
250 25.26
255 25.76
260 26.27
265 26.77
270 27.28
275 27.78
280 28.28
285 28.79
290 29.30
295 29.81
300 30.31
305 30.82
310 31.32
315 31.82
320 32.33
325 32.83
330 33.34
335 33.84
340 34.34
345 34.85
350 35.35
355 35.86
360 36.36
365 36.86
370 37.38
375 37.88
380 38.39
385 38.89
390 39.40
395 39.90
400 40.40
405 40.91
410 41.41
415 41.92
420 42.42
425 42.92
430 43.43
435 43.93
440 44.44
445 44.95
450 45.46
455 45.96
460 46.46
465 46.97
470 47.47
5 .53
10 1.03
15 1.54
20 2.04
25 2.54
30 3.05
35 3.55
40 4.06
45 4.56
50 5.06
55 5.57
60 6.07
65 6.58
70 7.08
75 7.60
80 8.10
85 8.60
90 9.11
95 9.61
100 10.12
105 10.62
110 11.12
115 11.63
120 12.13
125 12.64
130 13.14
135 13.64
140 14.15
145 14.66
150 15.17
155 15.67
160 16.18
165 16.68
170 17.18
175 17.69
180 18.19
185 18.70
190 19.20
195 19.70
200 20.21
205 20.71
210 21.22
215 21.73
220 22.24
225 22.74
230 23.24
235 23.75
240 24.25
245 24.76
250 25.26
255 25.76
260 26.27
265 26.77
270 27.28
275 27.78
280 28.28
285 28.79
290 29.30
295 29.81
300 30.31
305 30.82
310 31.32
315 31.82
320 32.33
325 32.83
330 33.34
335 33.84
340 34.34
345 34.85
350 35.35
355 35.86
360 36.36
365 36.86
370 37.38
375 37.88
380 38.39
385 38.89
390 39.40
395 39.90
400 40.40
405 40.91
410 41.41
415 41.92
420 42.42
425 42.92
430 43.43
435 43.93
440 44.44
445 44.95
450 45.46
455 45.96
460 46.46
465 46.97
470 47.47
5 .53
10 1.03
15 1.54
20 2.04
25 2.54
30 3.05
35 3.55
40 4.06
45 4.56
50 5.06
55 5.57
60 6.07
65 6.58
70 7.08
75 7.60
80 8.10
85 8.60
90 9.11
95 9.61
100 10.12
105 10.62
110 11.12
115 11.63
120 12.13
125 12.64
130 13.14
135 13.64
140 14.15
145 14.66
150 15.17
155 15.67
160 16.18
165 16.68
170 17.18
175 17.69
180 18.19
185 18.70
190 19.20
195 19.70
200 20.21
205 20.71
210 21.22
215 21.73
220 22.24
225 22.74
230 23.24
235 23.75
240 24.25
245 24.76
250 25.26
255 25.76
260 26.27
265 26.77
270 27.28
275 27.78
280 28.28
285 28.79
290 29.30
295 29.81
300 30.31
305 30.82
310 31.32
315 31.82
320 32.33
325 32.83
330 33.34
335 33.84
340 34.34
345 34.85
350 35.35
355 35.86
360 36.36
365 36.86
370 37.38
375 37.88
380 38.39
385 38.89
390 39.40
395 39.90
400 40.40
405 40.91
410 41.41
415 41.92
420 42.42
425 42.92
430 43.43
435 43.93
440 44.44
445 44.95
450 45.46
455 45.96
460 46.46
465 46.97
470 47.47
5 .53
10 1.03
15 1.54
20 2.04
25 2.54
30 3.05
35 3.55
40 4.06
45 4.56
50 5.06
55 5.57
60 6.07
65 6.58
70 7.08
75 7.60
80 8.10
85 8.60
90 9.11
95 9.61
100 10.12
105 10.62
110 11.12
115 11.63
120 12.13
125 12.64
130 13.14
135 13.64
140 14.15
145 14.66
150 15.17
155 15.67
160 16.18
165 16.68
170 17.18
175 17.69
180 18.19
185 18.70
190 19.20
195 19.70
200 20.21
205 20.71
210 21.22
215 21.73
220 22.24
225 22.74
230 23.24
235 23.75
240 24.25
245 24.76
250 25.26
255 25.76
260 26.27
265 26.77
270 27.28
275 27.78
280 28.28
285 28.79
290 29.30
295 29.81
300 30.31
305 30.82
310 31.32
315 31.82
320 32.33
325 32.83
330 33.34
335 33.84
340 34.34
345 34.85
350 35.35
355 35.86
360 36.36
365 36.86
370 37.38
375 37.88
380 38.39
385 38.89
390 39.40
395 39.90
400 40.40
405 40.91
410 41.41
415 41.92
420 42.42
425 42.92
430 43.43
435 43.93
440 44.44
445 44.95
450 45.46
455 45.96
460 46.46
465 46.97
470 47.47
5 .53
10 1.03
15 1.54
20 2.04
25 2.54
30 3.05
35 3.55
40 4.06
45 4.56
50 5.06
55 5.57
60 6.07
65 6.58
70 7.08
75 7.60
80 8.10
85 8.60
90 9.11
95 9.61
100 10.12
105 10.62
110 11.12
115 11.63
120 12.13
125 12.64
130 13.14
135 13.64
140 14.15
145 14.66
150 15.17
155 15.67
160 16.18
165 16.68
170 17.18
175 17.69
180 18.19
185 18.70
190 19.20
195 19.70
200 20.21
205 20.71
210 21.22
215 21.73
220 22.24
225 22.74
230 23.24
235 23.75
240 24.25
245 24.76
250 25.26
255 25.76
260 26.27
265 26.77
270 27.28
275 27.78
280 28.28
285 28.79
290 29.30
295 29.81
300 30.31
305 30.82
310 31.32
315 31.82
320 32.33
325 32.83
330 33.34
335 33.84
340 34.34
345 34.85
350 35.35
355 35.86
360 36.36
365 36.86
370 37.38
375 37.88
380 38.39
385 38.89
390 39.40
395 39.90
400 40.40
405 40.91
410 41.41
415 41.92
420 42.42
425 42.92
430 43.43
435 43.93
440 44.44
445 44.95
450 45.46
455 45.96
460 46.46
465 46.97
470 47.47
