2 2.356
2 2.138
2 2.246
2 2.237
2 2.183
2 2.141
2 2.358
2 2.302
2 2.359
2 2.262
4 2.309
4 2.425
4 2.432
4 2.407
4 2.568
4 2.463
4 2.464
4 2.279
4 2.601
4 2.144
8 2.626
8 2.441
8 2.937
8 2.401
8 2.423
8 2.435
8 2.35
8 2.371
8 2.401
8 2.378
16 3.145
16 3.11
16 3.386
16 3.179
16 3.096
16 6.315
16 2.832
16 2.976
16 2.881
16 3.043
32 4.499
32 4.523
32 4.532
32 4.666
32 4.655
32 4.793
32 4.51
32 4.497
32 4.531
32 4.656
64 7.471
64 7.488
64 7.724
64 7.394
64 11.888
64 8.809
64 7.695
64 8.214
64 8.4
64 7.87
