2 3.731
2 3.744
2 3.58
2 3.702
2 3.635
2 3.697
2 3.771
2 3.628
2 3.776
2 3.796
4 4.318
4 4.361
4 4.783
4 4.549
4 4.483
4 4.298
4 4.59
4 5.092
4 4.792
4 4.626
8 6.293
8 5.705
8 5.812
8 5.742
8 5.747
8 5.986
8 5.586
8 6.714
8 6.201
8 5.842
16 8.558
16 9.28
16 8.668
16 8.65
16 8.425
16 8.322
16 9.016
16 8.344
16 8.766
16 8.618
16 7.947
32 15.084
32 13.805
32 12.786
32 13.311
32 13.018
32 13.785
32 13.568
32 13.35
32 13.826
32 14.728
32 14.159
64 24.005
64 25.708
64 24.409
64 24.6
64 24.368
64 25.446
64 25.429
64 23.464
64 24.828
64 25.133
