2 2.89
2 2.966
2 3.851
2 3.055
2 2.789
2 2.86
2 3.444
2 3.615
2 4.167
2 3.065
4 2.816
4 2.844
4 4.15
4 2.934
4 2.838
4 2.905
4 2.825
4 2.928
4 4.162
4 5.35
8 2.76
8 3.195
8 3.653
8 3.772
8 2.812
8 2.919
8 2.786
8 3.12
8 3.474
8 3.366
16 3.809
16 2.826
16 3.734
16 3.665
16 2.932
16 4.132
16 3.04
16 3.426
16 4.062
16 3.674
32 2.802
32 2.892
32 3.757
32 2.749
32 3.566
32 6.294
32 2.871
32 3.002
32 2.584
32 3.467
64 3.053
64 3.107
64 4.435
64 3.738
64 3.119
64 2.991
64 4.357
64 3.291
64 3.509
64 2.959
