2 4.621
2 3.751
2 3.72
2 3.792
2 3.825
2 3.875
2 3.925
2 3.828
2 3.778
2 3.728
4 4.501
4 4.502
4 4.564
4 6.32
4 4.692
4 4.798
4 4.354
4 4.581
4 4.424
4 4.341
8 5.865
8 5.877
8 5.689
8 6.238
8 5.974
8 5.729
8 5.881
8 5.714
8 5.837
8 5.855
16 8.912
16 8.572
16 8.389
16 8.381
16 8.074
16 8.426
16 8.009
16 8.592
16 8.239
16 8.11
32 13.751
32 13.37
32 13.57
32 13.359
32 14.268
32 14.396
32 12.944
32 13.474
32 13.405
32 14.719
64 23.921
64 25.891
64 23.803
64 25.223
64 24.608
64 24.057
64 24.352
64 23.491
64 23.463
64 24.245
