2 0.347
2 0.266
2 0.289
2 0.253
2 0.29
2 0.29
2 0.286
2 0.516
2 0.366
2 0.322
4 0.365
4 0.355
4 0.484
4 0.524
4 0.486
4 0.4
4 0.431
4 0.383
4 0.468
4 0.46
8 0.454
8 0.453
8 0.406
8 0.508
8 0.566
8 0.432
8 0.411
8 0.439
8 0.564
8 0.453
16 0.604
16 0.562
16 0.592
16 0.562
16 0.546
16 0.57
16 0.5
16 0.867
16 0.845
16 0.744
32 0.688
32 0.678
32 0.873
32 0.882
32 0.716
32 0.661
32 0.718
32 1.147
32 0.648
32 0.683
64 1.517
64 1.4
64 1.121
64 1.306
64 1.176
64 1.052
64 1.092
64 1.134
64 1.105
64 1.107
