5 0
10 0
15 0
20 0
25 0
30 0
35 0
40 1
45 0
50 0
55 0
60 0
65 0
70 0
75 0
80 0
85 0
90 0
95 0
100 0
105 0
110 0
115 0
120 0
125 0
130 0
135 0
140 0
145 0
150 0
5 2
10 2
15 2
20 3
25 3
30 3
35 3
40 3
45 4
50 3
55 4
60 4
65 4
70 5
75 4
80 5
85 5
90 6
95 6
100 5
105 6
110 7
115 7
120 9
125 7
130 8
135 8
140 9
145 9
150 12
155 11
160 12
165 13
170 15
175 17
180 17
185 19
190 20
195 27
200 23
205 25
210 26
215 31
220 29
225 33
230 33
235 35
240 42
245 50
250 50
255 55
260 60
265 55
270 58
275 55
280 71
285 63
290 65
295 70
300 73
305 76
310 81
315 102
320 93
325 91
330 109
335 103
340 108
345 105
350 112
355 113
360 117
365 132
370 129
375 152
380 146
385 140
390 189
395 153
400 164
405 180
410 169
415 175
420 176
425 187
430 240
