5 1
10 2
15 2
20 3
25 3
30 4
35 4
40 5
45 5
50 5
55 5
60 7
65 6
70 6
75 8
80 8
85 7
90 7
95 9
100 8
105 9
110 10
115 11
120 10
125 11
130 11
135 11
140 11
145 11
150 12
155 12
160 13
165 13
170 13
175 14
180 15
185 15
190 16
195 16
200 21
205 16
210 17
215 20
220 19
225 19
230 21
235 19
240 19
245 23
250 21
255 21
260 22
265 22
270 22
275 23
280 25
285 25
290 27
295 25
300 26
305 23
310 25
315 26
320 28
325 28
330 31
335 27
340 29
345 29
350 31
355 30
360 31
365 30
370 33
375 36
380 36
385 39
390 36
395 37
400 36
405 37
410 34
415 37
420 36
425 35
430 36
