5 0.292
10 0.495
15 0.658
20 0.875
25 1.034
30 1.235
35 1.602
40 1.594
45 1.811
50 1.923
55 2.163
60 2.307
65 2.491
70 2.642
75 2.971
80 3.179
85 3.214
90 3.489
95 3.658
100 3.803
105 3.914
110 4.245
115 4.27
120 4.43
125 4.661
130 5.045
135 5.084
140 5.277
145 5.411
150 5.547
155 5.578
160 5.75
165 6.061
170 6.501
175 6.706
180 6.728
185 6.854
190 6.719
195 7.138
200 7.389
205 7.833
210 7.722
215 7.565
220 8.977
225 8.315
230 8.381
235 8.65
240 9.041
245 9.03
250 9.104
255 9.648
260 9.502
265 9.214
270 9.507
275 10.127
280 10.248
285 10.473
290 10.533
295 10.369
300 11.028
305 11.687
310 11.409
315 11.515
320 13.957
325 11.697
330 12.619
335 12.131
340 12.25
345 12.599
350 13.372
355 14.354
360 13.032
365 13.446
370 13.387
375 13.504
380 13.688
385 13.784
390 13.76
395 16.101
400 15.105
405 14.448
410 14.324
415 15.026
420 15.28
425 15.54
430 15.315
435 15.485
440 16.496
445 22.065
450 17.698
455 23.763
460 17.294
465 17.859
470 21.642
5 0.292
10 0.504
15 0.719
20 0.854
25 2.462
30 1.207
35 1.445
40 1.574
45 1.886
50 2.06
55 2.101
60 2.383
65 2.566
70 2.646
75 5.198
80 4.466
85 3.691
90 3.587
95 3.789
100 3.853
105 4.094
110 4.804
115 4.319
120 4.486
125 5.022
130 5.064
135 6.407
140 5.293
145 5.479
150 5.605
155 5.736
160 5.805
165 9.924
170 7.302
175 7.108
180 7.131
185 6.886
190 11.815
195 7.959
200 8.319
205 7.47
210 7.646
215 7.759
220 8.365
225 8.532
230 8.413
235 10.057
240 8.691
245 8.979
250 9.294
255 9.453
260 9.771
265 9.581
270 9.832
275 10.177
280 10.242
285 10.646
290 11.002
295 10.873
300 11.374
305 11.317
310 11.388
315 11.511
320 11.559
325 11.779
330 11.864
335 12.102
340 12.201
345 12.176
350 12.639
355 14.375
360 12.942
365 13.123
370 13.295
375 13.503
380 13.774
385 14.492
390 13.732
395 14.134
400 14.341
405 14.514
410 14.33
415 14.866
420 15.088
425 15.498
430 16.239
435 15.535
440 15.923
445 15.383
450 15.942
455 16.29
460 16.822
465 16.385
470 16.772
5 0.311
10 0.479
15 0.661
20 0.84
25 1.042
30 1.207
35 1.392
40 1.569
45 1.755
50 1.949
55 2.11
60 2.288
65 2.584
70 2.668
75 2.857
80 3.035
85 3.211
90 3.528
95 3.623
100 3.932
105 3.82
110 4.014
115 4.233
120 4.482
125 4.622
130 4.912
135 4.977
140 5.233
145 5.354
150 5.355
155 5.554
160 5.936
165 6.044
170 6.309
175 6.534
180 6.65
185 6.785
190 6.792
195 7.547
200 7.406
205 7.766
210 7.839
215 8.296
220 8.325
225 8.729
230 8.429
235 8.613
240 8.781
245 9.265
250 9.184
255 9.242
260 9.42
265 9.347
270 10.027
275 10.154
280 10.328
285 10.496
290 10.601
295 10.466
300 11.1
305 11.12
310 11.093
315 11.463
320 11.248
325 11.807
330 12.666
335 12.048
340 12.486
345 12.431
350 12.632
355 12.857
360 12.932
365 13.199
370 13.248
375 13.515
380 13.688
385 13.807
390 14.566
395 14.176
400 14.279
405 14.402
410 14.566
415 15.201
420 15.105
425 16.475
430 15.359
435 15.558
440 15.771
445 16.072
450 16.06
455 16.364
460 16.505
465 16.255
470 16.837
5 0.291
10 0.476
15 0.676
20 0.86
25 1.035
30 1.214
35 1.39
40 1.572
45 1.753
50 1.985
55 2.14
60 2.298
65 2.468
70 2.658
75 2.833
80 3.064
85 3.205
90 3.458
95 3.659
100 3.834
105 3.822
110 4.046
115 4.204
120 4.496
125 4.814
130 4.871
135 5.022
140 5.277
145 5.633
150 5.354
155 5.612
160 5.745
165 6.299
170 6.302
175 6.922
180 7.053
185 6.845
190 6.781
195 7.659
200 7.632
205 7.545
210 7.836
215 7.617
220 8.098
225 8.329
230 8.553
235 9.036
240 8.69
245 8.95
250 9.257
255 9.456
260 9.535
265 9.874
270 10.265
275 10.123
280 10.338
285 10.695
290 10.908
295 10.547
300 10.982
305 11.146
310 11.468
315 11.43
320 11.197
325 11.688
330 12.041
335 12.275
340 12.459
345 12.457
350 13.41
355 13.204
360 13.684
365 13.256
370 14.065
375 13.745
380 13.97
385 14.101
390 14.09
395 14.199
400 16.822
405 14.767
410 14.51
415 15.105
420 15.094
425 15.994
430 15.44
435 18.689
440 15.932
445 15.758
450 16.06
455 16.453
460 16.401
465 16.347
470 20.01
5 0.299
10 0.487
15 0.666
20 0.849
25 1.04
30 1.206
35 1.401
40 1.595
45 1.864
50 1.932
55 2.101
60 2.315
65 2.833
70 2.631
75 2.843
80 3.0
85 3.221
90 3.695
95 3.64
100 3.95
105 3.872
110 4.064
115 4.196
120 4.429
125 4.531
130 4.871
135 5.356
140 5.315
145 5.688
150 5.361
155 5.78
160 5.764
165 6.107
170 6.55
175 6.482
180 6.597
185 6.802
190 6.735
195 7.171
200 7.318
205 9.128
210 7.688
215 7.786
220 8.207
225 8.244
230 8.447
235 8.919
240 8.652
245 9.254
250 9.859
255 9.382
260 9.403
265 9.256
270 12.602
275 10.571
280 13.859
285 10.441
290 10.493
295 10.805
300 10.971
305 11.11
310 11.248
315 11.389
320 11.312
325 11.72
330 11.99
335 12.106
340 12.282
345 12.782
350 13.515
355 13.054
360 13.032
365 13.091
370 13.26
375 13.472
380 13.617
385 14.721
390 13.755
395 14.212
400 14.275
405 15.168
410 14.34
415 16.033
420 15.014
425 15.299
430 15.264
435 15.447
440 15.687
445 15.973
450 16.249
455 16.229
460 17.101
465 19.742
470 16.973
