5 1485
10 2934
15 4369
20 5772
25 7175
30 8569
35 9968
40 11369
45 12775
50 14174
55 15629
60 17085
65 18521
70 19946
75 21371
80 22749
85 24116
90 25638
95 27108
100 28548
105 30004
110 31433
115 32812
120 34167
125 35592
130 36986
135 38456
140 39877
145 41289
150 42683
155 44173
160 45562
165 46905
170 48273
175 49650
180 51039
185 52399
190 53787
195 55207
200 56623
205 57977
210 59403
215 60807
220 62193
225 63566
230 64914
235 66303
240 67795
245 69245
250 70564
255 71952
260 73413
265 74851
270 76269
275 77717
280 79119
285 80509
290 81869
295 83244
300 84600
305 86029
310 87466
315 88812
320 90164
325 91476
